1001
0 0 0 0 0 0 0
1 0.81472369 0.63118873 0.74486786 0.37960529 0.42706235 0.16887997
2 0.90579194 0.35507365 0.89226719 0.31906782 0.95537210 0.74516660
3 0.12698682 0.99700327 0.24260339 0.98605107 0.72424703 0.47713435
4 0.91337586 0.22417150 0.12959698 0.71818091 0.58089171 0.65344454
5 0.63235925 0.65245107 0.22506788 0.41318336 0.54025791 0.96657593
6 0.09754040 0.60499064 0.35001392 0.09863024 0.70544119 0.31302749
7 0.27849822 0.38724543 0.28708461 0.73455913 0.00502888 0.07643946
8 0.54688152 0.14218716 0.92748801 0.63730629 0.78251578 0.79141515
9 0.95750684 0.02513499 0.05131376 0.07384188 0.92685957 0.36538398
10 0.96488854 0.42111225 0.59266676 0.12050817 0.00829566 0.58509939
11 0.15761308 0.18410029 0.16289890 0.98159621 0.82462834 0.18333671
12 0.97059278 0.72577527 0.83840577 0.49679942 0.76733587 0.07691894
13 0.95716695 0.37036269 0.16756093 0.02241365 0.99713690 0.15366277
14 0.48537565 0.84156009 0.50220062 0.05383155 0.22765307 0.82687599
15 0.80028047 0.73422969 0.99932948 0.14087380 0.91954221 0.30095674
16 0.14188634 0.57102587 0.35540715 0.89347431 0.64199931 0.38388449
17 0.42176128 0.17685506 0.04707771 0.46582007 0.10532018 0.65074895
18 0.91573553 0.95738402 0.21366059 0.56085674 0.26816091 0.81737052
19 0.79220733 0.26532204 0.39783912 0.49445635 0.76384376 0.76626622
20 0.95949243 0.92458090 0.33366818 0.06778549 0.80551016 0.37417556
21 0.65574070 0.22377040 0.22960253 0.89764654 0.10425300 0.18986248
22 0.03571168 0.37356381 0.93612018 0.28856531 0.46975878 0.64650176
23 0.84912931 0.08750035 0.68318878 0.26904681 0.21906189 0.00360530
24 0.93399325 0.64011655 0.96211380 0.59419418 0.92270791 0.28288791
25 0.67873515 0.18061689 0.43797318 0.47587902 0.32032263 0.63860059
26 0.75774013 0.04505111 0.94033665 0.36831104 0.85754381 0.59207458
27 0.74313247 0.72317348 0.00583432 0.65561109 0.25984667 0.32528920
28 0.39222702 0.34743765 0.61030703 0.93820041 0.87806294 0.98895125
29 0.65547789 0.66061682 0.80107576 0.62042519 0.18826762 0.12323585
30 0.17118669 0.38386860 0.23298153 0.28284009 0.75919384 0.73587699
31 0.70604609 0.62734650 0.93246868 0.20518125 0.03168930 0.15661702
32 0.03183285 0.02164981 0.76326278 0.43913408 0.64233916 0.43464741
33 0.27692298 0.91056999 0.82644954 0.02725022 0.56687091 0.83224322
34 0.04617139 0.80055866 0.57346359 0.87618434 0.37640955 0.35990956
35 0.09713178 0.74584748 0.79258166 0.61009225 0.21254838 0.07623805
36 0.82345783 0.81311281 0.32904120 0.20359238 0.79215684 0.55692555
37 0.69482862 0.38330632 0.22346198 0.51991682 0.14544348 0.27393022
38 0.31709948 0.61727923 0.31238634 0.05382430 0.48914245 0.13205468
39 0.95022205 0.57549486 0.58452348 0.86218743 0.01284575 0.69965485
40 0.03444608 0.53005170 0.82991414 0.44293467 0.18661202 0.48590491
41 0.43874436 0.27506976 0.29046249 0.54800916 0.48523046 0.18271625
42 0.38155846 0.24862896 0.40255439 0.56686083 0.83822608 0.10121454
43 0.76551679 0.45163877 0.86205730 0.68039499 0.14105697 0.20158433
44 0.79519990 0.22771283 0.61473955 0.37137858 0.73221699 0.13474601
45 0.18687260 0.80444958 0.99118779 0.07822871 0.69106692 0.32378915
46 0.48976440 0.98610424 0.20369888 0.45635072 0.03449262 0.95054505
47 0.44558620 0.02999195 0.82720908 0.04784380 0.48885726 0.53213056
48 0.64631301 0.53566419 0.67586162 0.73825699 0.97139041 0.24768571
49 0.70936483 0.08707722 0.24894947 0.03800154 0.11245138 0.43727625
50 0.75468668 0.80209144 0.47578563 0.95424432 0.74321377 0.66908778
51 0.27602508 0.98914491 0.39907523 0.74237233 0.63854137 0.54769571
52 0.67970268 0.06694626 0.59943825 0.93744957 0.59418291 0.60905449
53 0.65509800 0.93939836 0.80052277 0.51336399 0.49862251 0.86313476
54 0.16261174 0.01817753 0.10506877 0.24090480 0.56785266 0.38069595
55 0.11899768 0.68383861 0.82144219 0.25996528 0.42650425 0.74895562
56 0.49836405 0.78373648 0.84108633 0.75897416 0.07623944 0.15669680
57 0.95974396 0.53413757 0.35450624 0.99334276 0.29058665 0.05812382
58 0.34038573 0.88535945 0.43006946 0.35670575 0.56133505 0.33970696
59 0.58526775 0.89900490 0.57223922 0.75285784 0.63333347 0.81717642
60 0.22381194 0.62593763 0.70082473 0.11004850 0.93077586 0.37754767
61 0.75126706 0.13786899 0.74246976 0.59704523 0.97776916 0.97260493
62 0.25509512 0.21780159 0.75788415 0.43059520 0.09359655 0.60531859
63 0.50595705 0.18214108 0.38912876 0.73071802 0.66173494 0.33823617
64 0.69907672 0.04181986 0.42930248 0.26117617 0.60277290 0.92798372
65 0.89090325 0.10694166 0.95634466 0.09480768 0.47381786 0.89842469
66 0.95929143 0.61644349 0.57297137 0.45096349 0.35625634 0.85070646
67 0.54721553 0.93966101 0.84972205 0.64007451 0.47557844 0.25679192
68 0.13862444 0.35445573 0.27634532 0.13203882 0.67102202 0.28549550
69 0.14929401 0.41062909 0.62232362 0.45282243 0.95964520 0.77994691
70 0.25750825 0.98434942 0.58836168 0.65219960 0.08908427 0.70139523
71 0.84071726 0.94557919 0.96346847 0.82699833 0.79774246 0.49251178
72 0.25428218 0.67664468 0.08590269 0.30807691 0.59077575 0.96766775
73 0.81428483 0.98830226 0.50049889 0.40236358 0.91219675 0.47616149
74 0.24352497 0.76683139 0.52158968 0.88423132 0.10112932 0.99490552
75 0.92926362 0.33669926 0.09016600 0.70057951 0.29329464 0.49057862
76 0.34998377 0.66238186 0.90466648 0.24187230 0.05158821 0.50345340
77 0.19659525 0.24416529 0.88438894 0.75983182 0.50412818 0.76877288
78 0.25108386 0.29550725 0.43898967 0.29092574 0.76837575 0.38808448
79 0.61604468 0.68017837 0.78172261 0.27743872 0.28298538 0.45325926
80 0.47328885 0.52784683 0.14846502 0.00610780 0.22536025 0.13285397
81 0.35165951 0.41159351 0.61981593 0.37471114 0.33128964 0.75850633
82 0.83082863 0.60263822 0.26062368 0.43693278 0.45325135 0.56523693
83 0.58526409 0.75052006 0.44565621 0.30429847 0.73738464 0.64863660
84 0.54972361 0.58353317 0.84399951 0.29086033 0.50988565 0.79805806
85 0.91719366 0.55179251 0.19620492 0.24251631 0.38251419 0.22044824
86 0.28583902 0.58357062 0.30385162 0.93668361 0.90548322 0.85789077
87 0.75720023 0.51181992 0.48329457 0.86019024 0.96525775 0.90472892
88 0.75372909 0.08259273 0.33781204 0.39722826 0.62826735 0.29201989
89 0.38044585 0.71957013 0.79848583 0.47941910 0.13203117 0.72586976
90 0.56782164 0.99615611 0.98748758 0.56499609 0.61830178 0.33944580
91 0.07585429 0.35453430 0.15904755 0.48961939 0.38302010 0.27268123
92 0.05395012 0.97125882 0.23687978 0.26981163 0.99119375 0.17027459
93 0.53079755 0.34644876 0.70223663 0.98974014 0.28682728 0.66401823
94 0.77916723 0.88654386 0.37547166 0.18367570 0.70619143 0.53585166
95 0.93401068 0.45469486 0.97370490 0.86165672 0.53520590 0.82910942
96 0.12990621 0.41342729 0.97230556 0.03263257 0.19321104 0.26736208
97 0.56882366 0.21773207 0.64369805 0.33195802 0.68943510 0.17615578
98 0.46939064 0.12565459 0.86009888 0.74874700 0.05045500 0.43118637
99 0.01190207 0.30891459 0.40188340 0.64436646 0.18443412 0.47565504
100 0.33712264 0.72610443 0.63193080 0.16923796 0.04565832 0.78522091
101 0.16218231 0.78287207 0.98523664 0.95220510 0.88504150 0.13065160
102 0.79428454 0.69378761 0.55947741 0.54327024 0.83979439 0.05135573
103 0.31121504 0.00980225 0.93359192 0.25141348 0.11815525 0.62750648
104 0.52853314 0.84321334 0.72034321 0.57857231 0.41041485 0.02908755
105 0.16564873 0.92233200 0.48403852 0.91547660 0.12022859 0.13619461
106 0.60198194 0.77095422 0.63903109 0.89559653 0.57209252 0.69455560
107 0.26297128 0.04265986 0.88763687 0.48250662 0.94939013 0.51567896
108 0.65407910 0.37818614 0.19873675 0.44273998 0.25638516 0.54258242
109 0.68921450 0.70433962 0.39536627 0.31175495 0.98986544 0.80848351
110 0.74815159 0.72951305 0.99217530 0.05531377 0.34980804 0.79368603
111 0.45054160 0.22427707 0.40235162 0.75379177 0.20852237 0.50186709
112 0.08382138 0.26905473 0.65885648 0.13194748 0.66582716 0.27663206
113 0.22897697 0.67303117 0.90134812 0.35592212 0.97334471 0.11966494
114 0.91333736 0.47749220 0.99538178 0.39587096 0.62269982 0.88659776
115 0.15237802 0.62371641 0.65316328 0.88552123 0.06353789 0.97028899
116 0.82581698 0.23644493 0.10843643 0.02123955 0.37350953 0.94252631
117 0.53834244 0.17712375 0.03611403 0.84408072 0.16625154 0.63812813
118 0.99613472 0.82964339 0.61809124 0.28807064 0.23127808 0.09059015
119 0.07817553 0.76692167 0.56714436 0.25034288 0.05220863 0.07470811
120 0.44267827 0.93447827 0.96196466 0.48837964 0.90175632 0.18245094
121 0.10665277 0.10788891 0.74610547 0.72903612 0.79329170 0.03168766
122 0.96189808 0.18222751 0.66251610 0.20261610 0.37301432 0.72493631
123 0.00463422 0.09909528 0.52331332 0.21627621 0.83205471 0.14415881
124 0.77491046 0.48976380 0.25989428 0.97633451 0.75383456 0.63592682
125 0.81730322 0.19324533 0.96199377 0.59323579 0.62186310 0.78984756
126 0.86869471 0.89589157 0.54020404 0.30440358 0.39409318 0.56625313
127 0.08443585 0.09908965 0.03027016 0.96770288 0.35927796 0.37741392
128 0.39978265 0.04416557 0.69631446 0.89596983 0.08885246 0.82158612
129 0.25987040 0.55729516 0.51971616 0.19002548 0.34167700 0.30488083
130 0.80006848 0.77249507 0.05903056 0.00179932 0.54867059 0.31937310
131 0.43141383 0.31194006 0.89003623 0.71176376 0.46054746 0.78497989
132 0.91064759 0.17898248 0.33020224 0.86772679 0.64545237 0.50373644
133 0.18184703 0.33895568 0.22970120 0.11830791 0.51352084 0.26099673
134 0.26380292 0.21014564 0.11394864 0.03902298 0.81442647 0.73247552
135 0.14553898 0.51015252 0.31092271 0.59819453 0.09718321 0.16294997
136 0.13606856 0.90636432 0.22843232 0.60431351 0.46371356 0.92107522
137 0.86929221 0.62892394 0.65199717 0.51643241 0.58981749 0.22222346
138 0.57970459 0.10153389 0.06616012 0.00750740 0.18717207 0.08360872
139 0.54986020 0.39085475 0.27543138 0.68893336 0.61133015 0.07370155
140 0.14495480 0.05461662 0.28182024 0.94602038 0.05194198 0.76955166
141 0.85303112 0.50128291 0.88006626 0.87353646 0.57572695 0.81767703
142 0.62205513 0.43172117 0.44433036 0.11327645 0.84234470 0.74042554
143 0.35095238 0.99756035 0.75591412 0.35456934 0.49972597 0.75824879
144 0.51324954 0.81160258 0.60329638 0.24193683 0.43902489 0.96119498
145 0.40180803 0.48565167 0.78326594 0.56033331 0.14905708 0.46642496
146 0.07596669 0.89444776 0.11393064 0.61272711 0.02827945 0.78699649
147 0.23991615 0.13754659 0.97856389 0.30080909 0.75666979 0.42256808
148 0.12331893 0.39000491 0.84859668 0.79814171 0.79610624 0.94372996
149 0.18390779 0.92735622 0.05064650 0.79564163 0.29355559 0.00131440
150 0.23995253 0.91749383 0.46620183 0.78109227 0.11520675 0.98126791
151 0.41726707 0.71357401 0.32565327 0.35109843 0.37509163 0.57019418
152 0.04965443 0.61833738 0.63020512 0.05429735 0.82889375 0.34647055
153 0.90271611 0.34328789 0.23029916 0.70870462 0.84177658 0.55750305
154 0.94478719 0.93602733 0.57988497 0.99292844 0.66523845 0.29978470
155 0.49086409 0.12477404 0.60315632 0.16247649 0.96013998 0.15907282
156 0.48925264 0.73058536 0.59987910 0.11356634 0.94311789 0.66525629
157 0.33771941 0.64647743 0.44842788 0.91287543 0.11269949 0.68420278
158 0.90005385 0.83315199 0.03542346 0.48165698 0.64828745 0.79240936
159 0.36924678 0.39828223 0.51381484 0.85180595 0.48080405 0.34862444
160 0.11120276 0.74982221 0.40773016 0.80991380 0.06652069 0.25007473
161 0.78025207 0.83522051 0.10804604 0.18675954 0.89777123 0.34500339
162 0.38973884 0.32246040 0.45987563 0.24719986 0.49723013 0.32863259
163 0.24169129 0.55226162 0.45088275 0.05418884 0.77130343 0.92748553
164 0.40391215 0.97912913 0.55114034 0.60896146 0.06036223 0.75607243
165 0.09645453 0.54930853 0.80540432 0.77723243 0.26245746 0.28823863
166 0.13197329 0.33042361 0.70085007 0.51106409 0.65106937 0.60617988
167 0.94205059 0.61947156 0.87223550 0.02775009 0.13360391 0.76602936
168 0.95613454 0.36063657 0.05219215 0.99038528 0.63854574 0.84615234
169 0.57520860 0.75650954 0.21968131 0.50093992 0.38494309 0.90198119
170 0.05977954 0.41390075 0.45964201 0.33199749 0.76569813 0.59570715
171 0.23477991 0.49234510 0.95853360 0.17388314 0.65291568 0.06853614
172 0.35315857 0.69474323 0.79004536 0.62563639 0.38148907 0.21804337
173 0.82119404 0.97273389 0.45187461 0.57513483 0.30001858 0.86940849
174 0.01540344 0.32775496 0.33342819 0.75098538 0.34013956 0.41421785
175 0.04302380 0.83780318 0.05909531 0.15351880 0.91892654 0.66120915
176 0.16899003 0.73907223 0.74090530 0.35678720 0.45626681 0.78348484
177 0.64911547 0.95417446 0.50679452 0.14395080 0.44249695 0.24788601
178 0.73172239 0.03192263 0.19992541 0.85060766 0.45418582 0.55442529
179 0.64774596 0.35686899 0.42719355 0.33786974 0.94528201 0.22958540
180 0.45092371 0.66265383 0.16869028 0.27519649 0.21911895 0.00691276
181 0.54700889 0.28150156 0.75169459 0.00601097 0.88240280 0.76663940
182 0.29632081 0.23038307 0.36835084 0.80191197 0.01987542 0.02183325
183 0.74469281 0.71112855 0.94181780 0.49740828 0.34176488 0.39310343
184 0.18895502 0.62457292 0.01717254 0.53784284 0.76602745 0.25254016
185 0.68677543 0.59060865 0.82905591 0.87091252 0.34280370 0.20421692
186 0.18351116 0.66043797 0.62659097 0.72284357 0.61880640 0.66227947
187 0.36848460 0.04755467 0.53874652 0.66808593 0.45302116 0.91474208
188 0.62561856 0.34878481 0.65050764 0.17882779 0.01016260 0.00690255
189 0.78022744 0.45134058 0.72662953 0.55049535 0.59908117 0.74642320
190 0.08112577 0.24090500 0.09448856 0.95987508 0.60156835 0.79967079
191 0.92938597 0.71504501 0.87757393 0.59602167 0.64941745 0.90779894
192 0.77571268 0.85618229 0.01436214 0.80857071 0.34272063 0.97457394
193 0.48679163 0.28150770 0.29430263 0.98453235 0.49329926 0.11986349
194 0.43585859 0.73105083 0.17991488 0.88592445 0.70177395 0.51896976
195 0.44678375 0.13776289 0.92629427 0.21383700 0.88780260 0.82197481
196 0.30634947 0.83672278 0.06818044 0.03463006 0.05505785 0.63702280
197 0.50850866 0.13860172 0.58109323 0.45112379 0.09836195 0.95391038
198 0.51077156 0.58820939 0.63715122 0.01379456 0.64978279 0.94692637
199 0.81762771 0.36615680 0.65126926 0.47371075 0.76407089 0.96660525
200 0.79483142 0.80675954 0.86462201 0.95119709 0.98795894 0.06734419
201 0.64431813 0.50378079 0.05595253 0.24895228 0.12532479 0.43753479
202 0.37860938 0.48959434 0.81685517 0.38642280 0.36447718 0.32083994
203 0.81158046 0.87704872 0.52892247 0.43143338 0.67623009 0.13405206
204 0.53282559 0.35314181 0.69435056 0.83088648 0.37575817 0.13458515
205 0.35072710 0.44944356 0.21240490 0.82464682 0.86345849 0.80594766
206 0.93900156 0.96353029 0.54327995 0.45299861 0.29197675 0.52476426
207 0.87594281 0.04229780 0.70252027 0.38056017 0.13347499 0.94425697
208 0.55015634 0.97295833 0.95643456 0.92586854 0.67265051 0.98834008
209 0.62247509 0.18920684 0.44454216 0.74084363 0.20258498 0.40989418
210 0.58704470 0.66712030 0.08539783 0.73763307 0.86851520 0.37118788
211 0.20774229 0.58643961 0.05734015 0.94691600 0.75115732 0.22685409
212 0.30124633 0.67511242 0.62945049 0.51009971 0.41937965 0.44603096
213 0.47092335 0.36102205 0.79617907 0.79187918 0.00023107 0.26622144
214 0.23048816 0.62027843 0.69119133 0.45217350 0.14946373 0.45909639
215 0.84430879 0.81115089 0.34530786 0.84919871 0.27383430 0.43290533
216 0.19476429 0.01925748 0.94681667 0.39043083 0.87242502 0.25962343
217 0.22592178 0.08387351 0.52019032 0.73837651 0.60125114 0.13371451
218 0.17070805 0.97480167 0.95381303 0.97643856 0.32118845 0.41922842
219 0.22766430 0.65134953 0.07359564 0.52329906 0.28429307 0.50686051
220 0.43569868 0.23123782 0.20703195 0.42991530 0.43531581 0.32432456
221 0.31110229 0.40349114 0.77502781 0.20715808 0.90375905 0.68468880
222 0.92337964 0.12202052 0.91418782 0.32340138 0.92510564 0.44309351
223 0.43020739 0.26843882 0.78255065 0.11087022 0.50529245 0.43566308
224 0.18481632 0.25784617 0.29553420 0.37521005 0.62758181 0.79302352
225 0.90488097 0.33166524 0.15184572 0.32990398 0.71926393 0.81555637
226 0.97974838 0.15223401 0.84791052 0.34210517 0.02391288 0.75211265
227 0.43886997 0.34800766 0.78485459 0.81711885 0.57493250 0.78925594
228 0.11111922 0.12165845 0.27083150 0.53168531 0.04653446 0.50126745
229 0.25806470 0.88415306 0.22781070 0.52112205 0.42253139 0.55518192
230 0.40871985 0.09427839 0.32102322 0.77430971 0.46773426 0.63074974
231 0.59489607 0.93004063 0.82956180 0.12026277 0.02262799 0.09798916
232 0.26221175 0.39901997 0.82218219 0.62545015 0.06507404 0.24567618
233 0.60284309 0.04740146 0.57068285 0.34664869 0.92395634 0.61572514
234 0.71121578 0.34237350 0.57182964 0.33461939 0.53414286 0.30495996
235 0.22174673 0.73596616 0.28601827 0.57461656 0.36679647 0.76696760
236 0.11741765 0.79468216 0.69913356 0.86393764 0.36394618 0.26722909
237 0.29667587 0.54490590 0.79625794 0.19856307 0.15137367 0.03950630
238 0.31877830 0.68622346 0.44158906 0.67245096 0.14960860 0.29656178
239 0.42416676 0.89363270 0.44621561 0.90183137 0.35080209 0.55636498
240 0.50785828 0.05479179 0.46566241 0.19915718 0.33596610 0.96907447
241 0.08551580 0.30366138 0.27903919 0.29828415 0.78402785 0.68912471
242 0.26248223 0.04619156 0.67537532 0.49652027 0.48673921 0.71788140
243 0.80101462 0.19547676 0.90366453 0.88990423 0.46479801 0.55902912
244 0.02922028 0.72016580 0.90852590 0.50141459 0.13125255 0.53335421
245 0.92885414 0.72175327 0.74719694 0.27699524 0.88639147 0.87572400
246 0.73033086 0.87779907 0.26051151 0.53395818 0.67455743 0.39309859
247 0.48860897 0.58243296 0.68963784 0.57424955 0.83515964 0.45806694
248 0.57852506 0.07068434 0.13183067 0.41280440 0.65648793 0.20824520
249 0.23728358 0.92274457 0.12350083 0.01476366 0.98391698 0.75727316
250 0.45884883 0.80037209 0.19090285 0.70276480 0.97978987 0.54669203
251 0.96308854 0.28594686 0.14573210 0.50674715 0.25015301 0.35738819
252 0.54680572 0.54366323 0.58504362 0.38126610 0.62457070 0.70099779
253 0.52113583 0.98477624 0.07336169 0.06493153 0.72824242 0.10922250
254 0.23159439 0.71567807 0.82232622 0.35857996 0.49817032 0.00661077
255 0.48889774 0.83896960 0.72290297 0.23425124 0.84982829 0.59730208
256 0.62406009 0.43326056 0.92585804 0.20350405 0.19091820 0.65917607
257 0.67913554 0.47062472 0.49263860 0.81377958 0.12414379 0.58000643
258 0.39551522 0.56071341 0.65488290 0.39343459 0.00279042 0.90995161
259 0.36743665 0.26909154 0.89012348 0.05357517 0.15295279 0.63600615
260 0.98798200 0.74901847 0.53852557 0.37505158 0.53416082 0.52556125
261 0.03773887 0.50388777 0.28220516 0.77499418 0.51063361 0.25962308
262 0.88516801 0.64680967 0.97595752 0.16529762 0.38521588 0.05117087
263 0.91328683 0.30774558 0.03642552 0.91221890 0.31059645 0.73195013
264 0.79618387 0.13872464 0.32624457 0.31920578 0.00355545 0.16429139
265 0.09871228 0.47557293 0.97301362 0.32977967 0.81524245 0.28039701
266 0.26187118 0.36245928 0.36503263 0.20423567 0.63841846 0.25942745
267 0.33535684 0.78811343 0.30914962 0.76721474 0.44833938 0.54709596
268 0.67972795 0.78029582 0.12091238 0.06997315 0.24408577 0.54126847
269 0.13655314 0.66851221 0.91576570 0.95003395 0.80338509 0.78811318
270 0.72122750 0.13350386 0.13547821 0.15820978 0.82397089 0.86960556
271 0.10676186 0.02155589 0.33211789 0.28644587 0.85219065 0.78754053
272 0.65375735 0.55984071 0.89747989 0.68712911 0.46725176 0.96942786
273 0.49417394 0.30081902 0.49964878 0.14114982 0.97069897 0.18046811
274 0.77905172 0.93940971 0.61528824 0.51208665 0.84124402 0.93059896
275 0.71503708 0.98090364 0.58313297 0.72132693 0.07854821 0.04515188
276 0.90372056 0.28662039 0.69825393 0.92884514 0.23759889 0.24064589
277 0.89092250 0.80082029 0.02933234 0.73210385 0.81757088 0.00885503
278 0.33416305 0.89611135 0.52788269 0.74984802 0.40582871 0.67159353
279 0.69874583 0.59752658 0.03207285 0.40731960 0.46631222 0.90481323
280 0.19780983 0.88401674 0.82714232 0.23949170 0.95153622 0.57241631
281 0.03054095 0.94373154 0.33998621 0.52085048 0.96500531 0.15546129
282 0.74407426 0.54915809 0.84671096 0.21907736 0.76528487 0.50236743
283 0.50002244 0.72838682 0.24606957 0.84238790 0.57453359 0.56773288
284 0.47992214 0.57675830 0.58149125 0.66293291 0.91592503 0.18827178
285 0.90472224 0.02585747 0.93767688 0.81623529 0.49543241 0.32419646
286 0.60986665 0.44653098 0.04778729 0.79387760 0.16601238 0.71603734
287 0.61766639 0.64630196 0.05397766 0.46910520 0.32599767 0.55292871
288 0.85944231 0.52120295 0.02061803 0.30952498 0.29643611 0.14228174
289 0.80548942 0.37231266 0.68147851 0.68757925 0.55829849 0.38036356
290 0.57672152 0.93713467 0.59862853 0.98685222 0.06747680 0.39656925
291 0.18292247 0.82953282 0.11403003 0.76993388 0.06897785 0.57674170
292 0.23993201 0.84908548 0.79624535 0.82958085 0.16678458 0.01940150
293 0.88651193 0.37253424 0.61785059 0.70608477 0.94743826 0.57758006
294 0.02867415 0.59318458 0.07021352 0.59533642 0.81108842 0.93219609
295 0.48990139 0.87255256 0.06927897 0.75287412 0.71045569 0.10687278
296 0.16792715 0.93350161 0.13600739 0.49672220 0.97024556 0.73214976
297 0.97868065 0.66846427 0.78889132 0.86513265 0.99842679 0.97052279
298 0.71269447 0.20677646 0.09239846 0.06802769 0.98745481 0.60888554
299 0.50047162 0.65385059 0.23786879 0.96854594 0.15008658 0.71966561
300 0.47108837 0.07205155 0.24364791 0.09875631 0.95847880 0.30275233
301 0.05961887 0.40672692 0.10482221 0.54697709 0.53045905 0.45902239
302 0.68197190 0.66693153 0.85835276 0.40296991 0.07408652 0.04802861
303 0.04243114 0.93372566 0.69819977 0.10704016 0.31182090 0.38535211
304 0.07144546 0.81095003 0.73374213 0.72416617 0.89517078 0.36171638
305 0.52164984 0.48454827 0.65053062 0.61368235 0.83476831 0.28758406
306 0.09673003 0.75674921 0.51627057 0.78296819 0.00234876 0.81671274
307 0.81814855 0.41704745 0.32638814 0.56662058 0.64020985 0.45052809
308 0.81754709 0.97178599 0.66177620 0.81131916 0.80318258 0.80663252
309 0.72243959 0.98797470 0.11756548 0.57677586 0.24513076 0.79017294
310 0.14986544 0.86414753 0.14781741 0.94402919 0.06412223 0.28295787
311 0.65960525 0.38888378 0.01976466 0.87145215 0.26314832 0.06830924
312 0.51859494 0.45474183 0.96429173 0.50760221 0.10272036 0.05493073
313 0.97297455 0.24668720 0.97037290 0.78882317 0.48371902 0.63752264
314 0.64899149 0.78442309 0.12386051 0.47303064 0.41888446 0.42428558
315 0.80033058 0.88283761 0.46741003 0.82880170 0.38128901 0.90553135
316 0.45379771 0.91371168 0.65669400 0.32248159 0.88676512 0.41732088
317 0.43239150 0.55828492 0.29018557 0.97614654 0.42055751 0.15405833
318 0.82531380 0.59886810 0.75453664 0.27821104 0.28384787 0.53999926
319 0.08346981 0.14887672 0.55811805 0.07283080 0.04818114 0.93709137
320 0.13317101 0.89971348 0.42779260 0.75122361 0.21916598 0.66095506
321 0.17338861 0.45039358 0.26719406 0.83118862 0.23917601 0.39465744
322 0.39093780 0.20567234 0.75373607 0.92233809 0.02925849 0.25899054
323 0.83137974 0.89965099 0.89837633 0.32702429 0.70231092 0.84791216
324 0.80336439 0.76258554 0.72844403 0.80406926 0.00763555 0.94505607
325 0.06047118 0.88248631 0.40683013 0.53825033 0.61092068 0.37699984
326 0.39925777 0.28495022 0.93831584 0.46329488 0.40808954 0.06728018
327 0.52687583 0.67322599 0.25542745 0.82075025 0.24894667 0.18158177
328 0.41679947 0.66427990 0.53316324 0.95190651 0.65245972 0.57574762
329 0.65685989 0.12281499 0.95475487 0.07627289 0.32027709 0.18588503
330 0.62797336 0.40731842 0.26774754 0.70867106 0.10367212 0.29144836
331 0.29198408 0.27528695 0.25008462 0.23492644 0.53556489 0.46166411
332 0.43165117 0.71666974 0.92767272 0.39889556 0.16487024 0.34697744
333 0.01548713 0.28338438 0.06858235 0.26812443 0.88343870 0.31816572
334 0.98406372 0.89619886 0.29940039 0.83251332 0.66645701 0.45991458
335 0.16716841 0.82657889 0.59158353 0.99537381 0.84774249 0.23589492
336 0.10621634 0.39002651 0.20329915 0.64975098 0.76266106 0.02775204
337 0.37240974 0.49790294 0.63588320 0.70395283 0.80701377 0.65845346
338 0.19811840 0.69480519 0.79837026 0.93230320 0.63295244 0.15880356
339 0.48968764 0.83436900 0.50170105 0.68765255 0.71042731 0.80266260
340 0.33949341 0.60962969 0.65081214 0.56835392 0.68866354 0.40857977
341 0.95163046 0.57473716 0.79595499 0.38084753 0.32094786 0.32739188
342 0.92033204 0.32604217 0.23337377 0.63457948 0.53164849 0.74601473
343 0.05267700 0.45642460 0.60083894 0.36322862 0.87319396 0.74635192
344 0.73785810 0.71379558 0.11246238 0.40761944 0.05453967 0.17395496
345 0.26911943 0.88440505 0.51576565 0.36869972 0.50040078 0.11754480
346 0.42283562 0.72085567 0.83784069 0.46839876 0.43276321 0.17403752
347 0.54787090 0.01861277 0.92079011 0.50341384 0.90428249 0.62740916
348 0.94273698 0.67477647 0.49822793 0.91053578 0.63018335 0.84189026
349 0.41774410 0.43850882 0.27761112 0.20643102 0.98303622 0.51008285
350 0.98305247 0.43782018 0.65251996 0.33860368 0.58520034 0.16576374
351 0.30145495 0.11703682 0.91729880 0.57412562 0.84063652 0.71430528
352 0.70109876 0.81468169 0.50983945 0.48693244 0.46881378 0.90703730
353 0.66633885 0.32485544 0.97419148 0.26221899 0.54522233 0.21853774
354 0.53912647 0.24622811 0.19727894 0.57959346 0.17910412 0.87096145
355 0.69810552 0.34271322 0.11118498 0.87832770 0.63446170 0.21183594
356 0.66652791 0.37569214 0.29735429 0.06095022 0.96295878 0.83666494
357 0.17813245 0.54655379 0.39641854 0.44087647 0.53401375 0.85930169
358 0.12801440 0.56192015 0.42075568 0.08425800 0.47961425 0.52337747
359 0.99908039 0.39582223 0.31147536 0.56323762 0.79366608 0.47736279
360 0.17112107 0.39813088 0.69384317 0.53931058 0.09271372 0.88988313
361 0.03260082 0.51536722 0.09187183 0.76805790 0.88079954 0.06507620
362 0.56119979 0.65753054 0.40208862 0.23309027 0.00387354 0.50945613
363 0.88186650 0.95091520 0.29518080 0.58736174 0.51152909 0.62079795
364 0.66917530 0.72234851 0.30649678 0.45897387 0.67846363 0.73356744
365 0.19043327 0.40007975 0.10556113 0.86098152 0.56574765 0.22999623
366 0.36891655 0.83187134 0.59382760 0.66083609 0.47845865 0.02187188
367 0.46072594 0.13433834 0.28272752 0.35387917 0.32051284 0.13898889
368 0.98163795 0.06046677 0.15522162 0.34718630 0.60157980 0.76950745
369 0.15640495 0.08424705 0.00065867 0.25371810 0.91315274 0.96976518
370 0.85552281 0.16389832 0.28359542 0.95252815 0.68251782 0.38679442
371 0.64476454 0.32421992 0.55081087 0.29820099 0.94673347 0.99342779
372 0.37627221 0.30172678 0.87090219 0.15840608 0.09908901 0.32639347
373 0.19092370 0.01168099 0.04225343 0.36129706 0.51102892 0.13716104
374 0.42825299 0.53990509 0.90472198 0.74162909 0.11012834 0.38475363
375 0.48202206 0.09537269 0.13097409 0.70590001 0.54526188 0.56263583
376 0.12061161 0.14651486 0.83372895 0.70089217 0.68878590 0.63383543
377 0.58950748 0.63114121 0.80046837 0.00622579 0.14741699 0.54160638
378 0.22618768 0.85932041 0.91788009 0.37434560 0.77756104 0.31499342
379 0.38461912 0.97422163 0.13730366 0.90149562 0.39905123 0.15932672
380 0.58298638 0.57083843 0.50473232 0.31834483 0.89829995 0.15261623
381 0.25180612 0.99685021 0.40495848 0.59708292 0.30704387 0.13695077
382 0.29044066 0.55354157 0.17357216 0.29779518 0.06105115 0.70980312
383 0.61709088 0.51545845 0.57518361 0.12501438 0.21947114 0.46486447
384 0.26528091 0.33068207 0.60621793 0.38835567 0.08283294 0.11327118
385 0.82437627 0.43000180 0.21444574 0.81768774 0.95039534 0.70087885
386 0.98266340 0.49180625 0.51993226 0.98117570 0.01637066 0.17998614
387 0.73024879 0.07103708 0.98918581 0.86198984 0.11466843 0.80366808
388 0.34387700 0.88773922 0.48991516 0.08382088 0.01240995 0.51395610
389 0.58406933 0.06463359 0.69487321 0.33771199 0.21622733 0.54843836
390 0.10776902 0.43618496 0.41142183 0.23612917 0.01142753 0.20784476
391 0.90630815 0.82662951 0.03477674 0.31780539 0.64244927 0.78458887
392 0.87965372 0.39453468 0.29283156 0.98444841 0.51699094 0.52648963
393 0.81776056 0.61347488 0.80144174 0.54825089 0.24554214 0.57102336
394 0.26072800 0.81864074 0.34650199 0.74925126 0.19374734 0.42204076
395 0.59435625 0.88623504 0.08331594 0.84185173 0.09087058 0.72115631
396 0.02251259 0.93111163 0.51110637 0.16688971 0.36844167 0.07313831
397 0.42525932 0.19078465 0.36683341 0.90309761 0.00779291 0.59486192
398 0.31271889 0.25858225 0.73947950 0.10512413 0.60270132 0.86197736
399 0.16148474 0.89786568 0.52474016 0.74509310 0.47885474 0.44880106
400 0.17876619 0.59336186 0.80452088 0.72937194 0.30811769 0.65257739
401 0.42288569 0.50384008 0.81691118 0.71746960 0.74444445 0.30347312
402 0.09422934 0.61280959 0.18947148 0.13343177 0.83934928 0.60743995
403 0.59852367 0.81942224 0.12369346 0.44578900 0.26243192 0.27890231
404 0.47092426 0.53188917 0.82099648 0.50878723 0.51423806 0.79956234
405 0.69594931 0.20207510 0.63789762 0.53049029 0.44677413 0.79616912
406 0.69988785 0.45389347 0.01611980 0.85971704 0.34121115 0.95408690
407 0.63853076 0.42791092 0.89595463 0.67772491 0.83914181 0.44433817
408 0.03360384 0.96605275 0.51537506 0.80583826 0.98249250 0.45688281
409 0.06880610 0.62005505 0.54452194 0.53124287 0.62646450 0.59981714
410 0.31959974 0.69538995 0.60644221 0.95589584 0.18127517 0.84262183
411 0.53086428 0.72016461 0.76043622 0.06667694 0.12301702 0.03120045
412 0.65444571 0.34689519 0.85534687 0.54151803 0.57996871 0.18727014
413 0.40761920 0.51699042 0.38286845 0.28166034 0.32853580 0.94359440
414 0.81998122 0.55669463 0.08464919 0.48090034 0.26818637 0.94792214
415 0.71835894 0.15649522 0.73387330 0.68486378 0.55023910 0.45298439
416 0.96864933 0.56205605 0.33198933 0.20825839 0.18051690 0.81083255
417 0.53133391 0.69480329 0.83974953 0.60816099 0.67849187 0.92887920
418 0.32514568 0.42645554 0.37172331 0.32617617 0.05568849 0.67271728
419 0.10562920 0.83627042 0.82821527 0.88084720 0.03405718 0.37233228
420 0.61095866 0.73138707 0.17651863 0.13339461 0.28651845 0.40569569
421 0.77880224 0.36003104 0.12951986 0.10240779 0.07739005 0.43882392
422 0.42345292 0.45421237 0.87988358 0.95911690 0.90057229 0.67864920
423 0.09082329 0.38638990 0.04407913 0.15290200 0.84660595 0.46507033
424 0.26647149 0.77555464 0.68672002 0.15253808 0.39569847 0.95326417
425 0.15365672 0.73427111 0.73377290 0.15555259 0.16921527 0.35469798
426 0.28100530 0.43027785 0.43717244 0.08956940 0.43045231 0.33902086
427 0.44008514 0.69375257 0.37983892 0.45442456 0.41621814 0.89586005
428 0.52714274 0.94521349 0.97965744 0.66889569 0.72876348 0.54543426
429 0.45742437 0.78423260 0.39899342 0.83130168 0.40647368 0.74928372
430 0.87537160 0.70557186 0.44018691 0.79023514 0.95180746 0.12487720
431 0.51805211 0.10933424 0.15680789 0.71271092 0.91198502 0.45323482
432 0.94362262 0.38993066 0.32603428 0.47259751 0.95141432 0.07474944
433 0.63770910 0.59090473 0.31406193 0.70858815 0.34600120 0.66334061
434 0.95769394 0.45938005 0.89450066 0.95805948 0.29024421 0.70365164
435 0.24070704 0.05033999 0.24702418 0.50577556 0.88670076 0.91895057
436 0.67612230 0.22868758 0.31067902 0.30505312 0.21003080 0.66007191
437 0.28906457 0.83418906 0.40886891 0.78981118 0.13087655 0.69010492
438 0.67180817 0.01564469 0.70801089 0.23638696 0.52051589 0.85372361
439 0.69514050 0.86371087 0.14363760 0.23430283 0.90546275 0.46790172
440 0.06799277 0.07806905 0.87132207 0.46469940 0.40253024 0.45847868
441 0.25479016 0.66904259 0.08315590 0.61938680 0.21576125 0.80610419
442 0.22404003 0.50021132 0.46173784 0.61532940 0.07873948 0.82476724
443 0.66783273 0.21799380 0.03038902 0.12262390 0.93305986 0.19043610
444 0.84439216 0.57161573 0.75320053 0.12379353 0.60287156 0.02567321
445 0.34446241 0.12218915 0.70004267 0.28445899 0.37749217 0.05681496
446 0.78051965 0.67116623 0.21451225 0.73573281 0.66493144 0.14293558
447 0.67533207 0.59958555 0.67990469 0.41130810 0.79219026 0.17141874
448 0.00671531 0.05597616 0.55729268 0.82898189 0.33349213 0.62584478
449 0.60217049 0.05634302 0.85067890 0.93511412 0.69265886 0.02951521
450 0.38677119 0.15250064 0.55856549 0.39906666 0.20381568 0.47233227
451 0.91599124 0.01962107 0.90177366 0.05221138 0.95871360 0.67844277
452 0.00115106 0.43517555 0.41951770 0.57118610 0.71183246 0.11478897
453 0.46244916 0.83222148 0.35812835 0.74766998 0.16690659 0.23606392
454 0.42434904 0.61739017 0.48898752 0.32024356 0.44277717 0.28908060
455 0.46091637 0.52012942 0.25596214 0.49293432 0.63299357 0.17275629
456 0.77015973 0.86386822 0.92916927 0.22165275 0.92996717 0.32370612
457 0.32247181 0.09769792 0.46675681 0.93927374 0.52933097 0.80111010
458 0.78473929 0.90805220 0.25400785 0.48230529 0.62647442 0.29963370
459 0.47135715 0.10801669 0.43121845 0.53999609 0.68081892 0.77562572
460 0.03576273 0.51699676 0.70253001 0.22105710 0.92319752 0.55277083
461 0.17587442 0.14315602 0.40232987 0.09594500 0.15283414 0.55469172
462 0.72175803 0.55937057 0.18184008 0.06016542 0.40572079 0.73064729
463 0.47348599 0.00457962 0.85625112 0.81950887 0.31247600 0.77362482
464 0.15272120 0.76668200 0.58420122 0.77147830 0.69389896 0.90084710
465 0.34112461 0.84870923 0.37357878 0.19569573 0.89068787 0.13816716
466 0.60738921 0.91682127 0.22169455 0.89511815 0.49067097 0.79407682
467 0.19174526 0.98696827 0.21899412 0.68430015 0.80582351 0.18941337
468 0.73842684 0.50513310 0.52223244 0.65684648 0.32643891 0.02897438
469 0.24284960 0.27142162 0.43342271 0.99038120 0.54987915 0.12738719
470 0.91742434 0.10075051 0.74130399 0.03369179 0.38878433 0.13373569
471 0.26906159 0.50784883 0.07044963 0.42425327 0.89682901 0.12831096
472 0.76550002 0.58560913 0.84733344 0.48998367 0.67612008 0.93525979
473 0.18866198 0.76288710 0.67988023 0.58350447 0.82839695 0.27323006
474 0.28749817 0.08296265 0.13665152 0.08326975 0.11008885 0.94267926
475 0.09111346 0.66159619 0.85840219 0.66015463 0.27922733 0.63815050
476 0.57620938 0.51697901 0.19983412 0.05230522 0.76763617 0.87253082
477 0.68336324 0.17104802 0.60733992 0.55683053 0.21605660 0.36707324
478 0.54659311 0.93855786 0.54304498 0.71202525 0.03406213 0.23620190
479 0.42572884 0.59048318 0.16232469 0.48791063 0.43655190 0.18731824
480 0.64444278 0.44063468 0.00565307 0.61760065 0.93686371 0.54564926
481 0.64761763 0.94191893 0.77148515 0.21377757 0.26208896 0.25511646
482 0.67901675 0.65591382 0.76478756 0.64565866 0.56974550 0.30582361
483 0.63578671 0.45194571 0.42106935 0.38064229 0.35955304 0.01554862
484 0.94517411 0.83969742 0.05681318 0.10371284 0.02683863 0.58748809
485 0.20893492 0.53262350 0.58574700 0.37751152 0.50041919 0.96255831
486 0.70928170 0.55388707 0.17415524 0.26286081 0.82701491 0.84984767
487 0.23623058 0.68006553 0.72861066 0.24128561 0.25898242 0.00794030
488 0.11939625 0.36718991 0.53429105 0.62292405 0.04588501 0.63402554
489 0.60730394 0.23929061 0.25306429 0.52292776 0.24647160 0.35929114
490 0.45013770 0.57892349 0.91705675 0.41323775 0.66073214 0.11405962
491 0.45872549 0.86688705 0.75819453 0.21779204 0.32940969 0.54081793
492 0.66194475 0.40677676 0.88703073 0.85855362 0.65949625 0.41642138
493 0.77028551 0.11261514 0.06879817 0.86100825 0.01300412 0.51709850
494 0.35021801 0.44384584 0.18352820 0.28393901 0.71806786 0.88612288
495 0.66200960 0.30018440 0.73707265 0.61539285 0.39111881 0.14939591
496 0.41615859 0.40138685 0.69671485 0.77948950 0.03350526 0.43467652
497 0.84192915 0.83336356 0.77699291 0.95484731 0.40601540 0.05903881
498 0.83291682 0.40362866 0.50190342 0.91960325 0.71630764 0.38103006
499 0.25644099 0.39017594 0.42549683 0.38481570 0.92133641 0.72236947
500 0.61346074 0.36044889 0.61123713 0.16264302 0.98401574 0.09511923
501 0.58224916 0.14025536 0.85577189 0.79675142 0.98342087 0.66719040
502 0.54073934 0.26013019 0.67079711 0.11381718 0.89630609 0.29640055
503 0.86994103 0.08681510 0.52359204 0.15882430 0.86570321 0.59856276
504 0.26477903 0.42939734 0.29881541 0.35582812 0.80096097 0.15185199
505 0.31807408 0.25728278 0.70396908 0.84775856 0.55497885 0.43637711
506 0.11921454 0.29755538 0.38161088 0.58278120 0.41887215 0.01268230
507 0.93982947 0.42485841 0.56768500 0.58617767 0.12712251 0.22902295
508 0.64555187 0.11920726 0.88786096 0.92583799 0.65462074 0.26367965
509 0.47946322 0.49506692 0.84294929 0.57507827 0.86396491 0.51138523
510 0.63931696 0.70640723 0.89879856 0.00997739 0.27459843 0.21508489
511 0.54471611 0.24357337 0.93900309 0.80937729 0.84016394 0.34610979
512 0.64731148 0.78507008 0.81543516 0.60880836 0.07075524 0.74781709
513 0.54388593 0.07408958 0.00135783 0.47991368 0.37879208 0.41361945
514 0.72104662 0.39388343 0.00309070 0.26844016 0.26816943 0.05575256
515 0.52249531 0.00339412 0.08746882 0.25809638 0.15292118 0.39002814
516 0.99370462 0.22067689 0.26072735 0.48100954 0.63099958 0.47448394
517 0.21867663 0.00130057 0.02279867 0.22734148 0.31637482 0.82532072
518 0.10579827 0.18917967 0.42408482 0.04860230 0.95911185 0.30364357
519 0.10969746 0.14248405 0.34106497 0.16924181 0.49867399 0.82179014
520 0.06359137 0.26807600 0.54135393 0.25844631 0.73860852 0.56567976
521 0.40458000 0.17489207 0.92616908 0.19791006 0.01275567 0.05438162
522 0.44837291 0.13864897 0.29849945 0.60569306 0.60535319 0.26001418
523 0.36581618 0.59888561 0.33808479 0.82370365 0.57645132 0.58910355
524 0.76350464 0.90105791 0.85948011 0.81061496 0.80737882 0.47973362
525 0.62789638 0.93937977 0.34047831 0.80223702 0.65496806 0.19865062
526 0.77198039 0.22118446 0.13812040 0.70811338 0.87822840 0.23901266
527 0.93285357 0.48267138 0.50779896 0.85937785 0.90237293 0.78019348
528 0.97274085 0.37601112 0.85665648 0.78108452 0.15223286 0.61730992
529 0.19202835 0.52378004 0.38431362 0.20379685 0.19258009 0.14412880
530 0.13887420 0.26487259 0.69569093 0.99334325 0.79097565 0.71613202
531 0.69626634 0.06835722 0.62790418 0.09362453 0.06070510 0.40150643
532 0.09382003 0.43632708 0.45038815 0.65061854 0.38982719 0.46238537
533 0.52540440 0.17385304 0.47361794 0.21517653 0.29996585 0.70728201
534 0.53034422 0.02610711 0.94970635 0.24387310 0.73417991 0.40121055
535 0.86113981 0.95467827 0.08349756 0.33968781 0.10420925 0.01438540
536 0.48485333 0.43059652 0.27982892 0.19786234 0.79257549 0.07464044
537 0.39345636 0.96155857 0.44700731 0.50683338 0.78272894 0.59106817
538 0.67143114 0.76241448 0.58757126 0.95075798 0.53239769 0.44600152
539 0.74125794 0.00734866 0.87763414 0.39460722 0.25335234 0.92662060
540 0.52005247 0.68003864 0.46910052 0.58446484 0.07095459 0.09489336
541 0.34771267 0.70595075 0.43741848 0.60653725 0.62580333 0.37541878
542 0.14999725 0.64512879 0.74618494 0.71464287 0.02468147 0.54599886
543 0.58609207 0.55230984 0.46791047 0.40153635 0.06204249 0.11167837
544 0.26214532 0.21810873 0.86082735 0.85869102 0.12961198 0.90446323
545 0.04445409 0.77236621 0.46651201 0.92048498 0.45061407 0.63327700
546 0.75493327 0.22802832 0.49810449 0.75083889 0.67233584 0.90541164
547 0.24278536 0.37086472 0.48743065 0.28559171 0.85611083 0.63055294
548 0.44240231 0.89092882 0.22946877 0.79681579 0.49844542 0.01422828
549 0.68779609 0.85637691 0.08555223 0.14276583 0.04878450 0.31647779
550 0.35922821 0.40243355 0.06738331 0.50455019 0.31383236 0.11187074
551 0.73634007 0.31801912 0.88839093 0.61068795 0.64163117 0.62946313
552 0.39470748 0.60863543 0.23316769 0.70379674 0.78638664 0.06070945
553 0.68341587 0.91019523 0.86159576 0.38333993 0.28915049 0.67399492
554 0.70404743 0.90909819 0.71173509 0.72868344 0.49786801 0.47743909
555 0.44230541 0.59159441 0.87281299 0.88728468 0.81843462 0.30554580
556 0.01957762 0.33257141 0.93800201 0.05584832 0.59512829 0.51633298
557 0.33085788 0.85306363 0.13968928 0.13821634 0.53642461 0.70702825
558 0.42430950 0.44239789 0.39390014 0.86306498 0.33087314 0.81361098
559 0.27027042 0.90435548 0.98056283 0.42174648 0.41169023 0.31580834
560 0.19705380 0.03317941 0.64479403 0.41131417 0.79400624 0.31130218
561 0.82172118 0.53242648 0.89640978 0.95914134 0.34320822 0.34497687
562 0.42992141 0.71649735 0.48223041 0.75024529 0.46260674 0.66630489
563 0.88777095 0.17930184 0.01409308 0.98099711 0.36782367 0.86107163
564 0.39118300 0.33653293 0.62288034 0.23351581 0.67957062 0.76177925
565 0.76911439 0.18771295 0.23109536 0.09622676 0.56777903 0.87583758
566 0.39679152 0.32192718 0.52743396 0.38458220 0.65177685 0.87123550
567 0.80851410 0.40385671 0.72499196 0.50027255 0.49111375 0.17279040
568 0.75507710 0.54856630 0.60741579 0.57025587 0.39845823 0.85022398
569 0.37739554 0.04873859 0.58836645 0.97663160 0.47748421 0.95958838
570 0.21601892 0.55273213 0.43343484 0.49285518 0.06658762 0.77020699
571 0.79040722 0.27481140 0.24417289 0.40088287 0.41102849 0.87501535
572 0.94930391 0.24150174 0.42896035 0.99499026 0.96909196 0.06741348
573 0.32756543 0.24314518 0.01017746 0.26099801 0.78072103 0.64679222
574 0.67126437 0.15415945 0.60882145 0.66532471 0.72901789 0.32409659
575 0.43864498 0.95641636 0.95797519 0.96425662 0.76565062 0.64034691
576 0.83350060 0.93566138 0.09544652 0.67115104 0.75658080 0.87975103
577 0.76885425 0.81871444 0.03559056 0.29917486 0.84327032 0.37363768
578 0.16725355 0.72826185 0.88623511 0.53112653 0.77015685 0.76673756
579 0.86198048 0.17581173 0.24694137 0.00146318 0.97866093 0.16808666
580 0.98987215 0.36037098 0.00891506 0.88378881 0.11135944 0.51972468
581 0.51442346 0.18878997 0.81492027 0.40438386 0.39607694 0.62745561
582 0.88428102 0.00119840 0.14049944 0.30120559 0.49206065 0.71391369
583 0.58802606 0.31641951 0.87986644 0.95058159 0.25809462 0.30639611
584 0.15475235 0.69961699 0.09537679 0.46064819 0.03696622 0.26368711
585 0.19986282 0.62525518 0.35256010 0.28764751 0.97438132 0.91600351
586 0.40695484 0.54306218 0.59342057 0.08462664 0.72642598 0.61503426
587 0.74870572 0.43903720 0.58518164 0.58218134 0.14796483 0.09317506
588 0.82558382 0.28742727 0.66768176 0.15306870 0.14789456 0.62769720
589 0.78996303 0.50165911 0.64802712 0.07309431 0.70482410 0.19202802
590 0.31852425 0.76154619 0.43336907 0.58056478 0.38099352 0.77696469
591 0.53406413 0.76240805 0.13975876 0.28701475 0.07641144 0.86450051
592 0.08995068 0.57605590 0.75192951 0.36192008 0.41084034 0.33358161
593 0.11170574 0.74766284 0.24178679 0.72482469 0.14299055 0.13541400
594 0.13629255 0.64553451 0.65045932 0.85831168 0.79892012 0.76546716
595 0.67865230 0.12321952 0.85737406 0.34791569 0.93024816 0.31861373
596 0.49517702 0.50439786 0.08437047 0.96174561 0.00471948 0.25237951
597 0.18971041 0.34726131 0.97208916 0.95356905 0.65004058 0.20007461
598 0.49500582 0.09214768 0.03145994 0.20603738 0.67853246 0.06900985
599 0.14760822 0.14784947 0.83540455 0.76824486 0.25362284 0.55191074
600 0.05497415 0.19816970 0.83571335 0.61553188 0.84318091 0.40381162
601 0.85071267 0.67227024 0.04985750 0.91892249 0.29395877 0.75011580
602 0.56055953 0.43151118 0.54588621 0.60253726 0.02686038 0.48718350
603 0.92960887 0.69440391 0.94316984 0.70213823 0.09330716 0.38478612
604 0.69666720 0.25678456 0.32147307 0.74367496 0.79788497 0.06140851
605 0.58279097 0.00975865 0.80646680 0.38510228 0.71140263 0.21369149
606 0.81539721 0.53228307 0.60139876 0.25150379 0.78340678 0.54387336
607 0.87901390 0.27939197 0.78962047 0.03675974 0.62392264 0.41064461
608 0.98891162 0.94623015 0.79918504 0.47212287 0.82541546 0.90096321
609 0.00052238 0.90644327 0.04956477 0.64507233 0.03502259 0.05628954
610 0.86543859 0.39268458 0.28319863 0.27896994 0.40547497 0.44350925
611 0.61256647 0.02485523 0.65345682 0.51786091 0.24966876 0.53781253
612 0.98995021 0.67143680 0.48965535 0.24566664 0.48089684 0.13406060
613 0.52768007 0.83717064 0.97285224 0.29750817 0.88083913 0.54094722
614 0.47952339 0.97149964 0.74848991 0.65047409 0.28068482 0.85736819
615 0.80134761 0.05693289 0.56784115 0.89139331 0.59914251 0.19801736
616 0.22784294 0.45032381 0.29896416 0.86110647 0.02622614 0.15560910
617 0.49809429 0.58247030 0.25610978 0.20991508 0.15519867 0.06137777
618 0.90085249 0.68663781 0.88656379 0.39909391 0.83391087 0.66107399
619 0.57466122 0.71943275 0.44680086 0.88788302 0.19489337 0.01860264
620 0.84517819 0.65004075 0.81598725 0.25652801 0.82978804 0.29110294
621 0.73864029 0.72691455 0.09833730 0.96680160 0.33807486 0.97382383
622 0.58598704 0.37384767 0.85959345 0.61915735 0.67111655 0.76464045
623 0.24673453 0.58158208 0.02762901 0.16534577 0.05236632 0.24368393
624 0.66641622 0.11611851 0.89915643 0.82619903 0.73430907 0.68211606
625 0.08348281 0.05765436 0.89993550 0.65569310 0.49948178 0.13785451
626 0.62595979 0.97976522 0.52410601 0.54645258 0.94329994 0.62981167
627 0.66094456 0.28482373 0.12019951 0.25132928 0.28977242 0.85701469
628 0.72975186 0.59497430 0.17779409 0.04015638 0.37656043 0.89979833
629 0.89075212 0.96216103 0.70610759 0.23337541 0.11375536 0.34836840
630 0.98230322 0.18577826 0.83135976 0.36111294 0.96485071 0.48631019
631 0.76902909 0.19303982 0.03483382 0.63345504 0.43251157 0.67951749
632 0.58144649 0.34164410 0.75783871 0.98609810 0.08456320 0.70412189
633 0.92831306 0.93289790 0.95711218 0.20715665 0.71667641 0.46088406
634 0.58009037 0.39066754 0.34287051 0.75708394 0.50678738 0.36427230
635 0.01698294 0.27321671 0.63824371 0.88632811 0.32808774 0.28026522
636 0.12085957 0.15194708 0.34300581 0.47222986 0.75352414 0.07620443
637 0.86271072 0.39710884 0.21647140 0.15891353 0.83600582 0.44462497
638 0.48429651 0.37472247 0.78620063 0.81092079 0.25371635 0.16570630
639 0.84485567 0.13111471 0.72308996 0.47650775 0.53442502 0.39874897
640 0.20940508 0.43504072 0.27883890 0.11628753 0.43516523 0.92058467
641 0.55229134 0.09151317 0.58243143 0.87572061 0.15770415 0.51133439
642 0.62988339 0.61462696 0.42100578 0.63518638 0.60048120 0.91414233
643 0.03199102 0.01097909 0.09206871 0.09728135 0.93745076 0.09193394
644 0.61471342 0.57326038 0.02402733 0.90843946 0.10775858 0.99303717
645 0.36241146 0.78972986 0.49114580 0.03501602 0.89998143 0.09643362
646 0.04953258 0.23536677 0.27826702 0.03974969 0.55046499 0.31314749
647 0.48956999 0.44801971 0.33975716 0.98856789 0.42735669 0.78537511
648 0.19251040 0.56935818 0.28734961 0.68618160 0.15238083 0.60240026
649 0.12308375 0.06140144 0.17090324 0.37668919 0.24754600 0.46590835
650 0.20549417 0.49628889 0.39926331 0.50432425 0.44736879 0.29813135
651 0.14651491 0.64231523 0.69764957 0.76349568 0.53278344 0.13317278
652 0.18907217 0.22126573 0.20367644 0.04887480 0.35465113 0.29500895
653 0.04265241 0.83705645 0.66632649 0.72592766 0.77311481 0.16662708
654 0.63519792 0.97107523 0.44306609 0.70132806 0.88168114 0.31710394
655 0.28186686 0.84637289 0.43329527 0.45889083 0.73409209 0.10983968
656 0.53859668 0.50599946 0.17523944 0.58229481 0.40643221 0.83208796
657 0.69516304 0.27887561 0.19320231 0.33908980 0.60417875 0.97159275
658 0.49911601 0.74661722 0.61642133 0.17062541 0.64110505 0.21827127
659 0.53580106 0.23693038 0.26901061 0.39919340 0.12746684 0.70607763
660 0.44518317 0.95734528 0.55967793 0.91977719 0.49619200 0.03901369
661 0.12393228 0.62026004 0.94478399 0.22604544 0.31046936 0.61629512
662 0.49035729 0.60026215 0.71447164 0.36100670 0.57857446 0.66936417
663 0.85299816 0.17260450 0.67921966 0.32456201 0.94360894 0.03720153
664 0.87392741 0.09034674 0.95938058 0.08358211 0.42693961 0.00333456
665 0.27029433 0.25526220 0.77533431 0.51266553 0.03312844 0.14246435
666 0.20846136 0.85857053 0.60772697 0.83286482 0.92943388 0.86240546
667 0.56497957 0.91106705 0.94800236 0.90461350 0.92498225 0.27603742
668 0.64031183 0.69963377 0.05964162 0.72359591 0.35830692 0.53169154
669 0.41702895 0.72518236 0.26871235 0.38299582 0.25998912 0.52222130
670 0.20597552 0.22988608 0.98668004 0.29801706 0.78685965 0.56761771
671 0.94793312 0.57605346 0.77220673 0.69171164 0.51158224 0.33303255
672 0.08207121 0.81062811 0.47535430 0.88045693 0.56252715 0.41341655
673 0.10570943 0.40384337 0.68089956 0.92454831 0.68479376 0.41434815
674 0.14204112 0.98843927 0.41693475 0.08125278 0.09239660 0.98392178
675 0.16646044 0.08999881 0.38014920 0.48267301 0.87257897 0.05773930
676 0.62095864 0.32094103 0.21327039 0.12826506 0.94293788 0.39654289
677 0.57370976 0.51140894 0.38293799 0.25291116 0.09659424 0.79132058
678 0.05207789 0.06060637 0.02966775 0.88396153 0.84588251 0.59418546
679 0.93120138 0.72568792 0.47232107 0.19627691 0.90939561 0.30956309
680 0.72866168 0.55655575 0.33337269 0.12135365 0.01134114 0.90180291
681 0.73784165 0.52935990 0.97584480 0.54369499 0.52368270 0.09312699
682 0.06340450 0.82998243 0.55544354 0.31462075 0.65034527 0.31902714
683 0.86044056 0.85875903 0.84630364 0.38204092 0.38514535 0.88696161
684 0.93440512 0.78902892 0.40806349 0.79153926 0.64930205 0.65743167
685 0.98439831 0.31783305 0.46201816 0.83917948 0.76285348 0.68451689
686 0.85893882 0.45220745 0.82630672 0.68023639 0.57568598 0.47394862
687 0.78555899 0.75222797 0.99120320 0.41692201 0.63191915 0.14124416
688 0.51337742 0.10986171 0.52394765 0.64288981 0.27820400 0.95092488
689 0.17760246 0.10974237 0.92543689 0.21408145 0.83983642 0.88262612
690 0.39858950 0.26988366 0.73902186 0.61727081 0.42683496 0.43743855
691 0.13393125 0.52463735 0.56743006 0.67519115 0.63162238 0.83495680
692 0.03088955 0.97265108 0.96877766 0.60102348 0.83346698 0.32514340
693 0.93914171 0.71040869 0.82449942 0.34630950 0.27018546 0.36763930
694 0.30130606 0.31185995 0.95960928 0.36440137 0.40080074 0.79483947
695 0.29553383 0.29145713 0.64634607 0.17148108 0.55425459 0.09930872
696 0.33293628 0.85035734 0.37957349 0.79536157 0.44386536 0.95178156
697 0.46706819 0.91164742 0.47657468 0.49266691 0.09038412 0.00147392
698 0.64819841 0.63927615 0.91188981 0.35462285 0.74438131 0.29539585
699 0.02522818 0.25537030 0.01485386 0.77506120 0.03261545 0.04845455
700 0.84220661 0.08866584 0.15669385 0.23680481 0.42974254 0.44274038
701 0.55903254 0.83825559 0.47156788 0.84483345 0.03726228 0.78984637
702 0.85409995 0.58471862 0.54299169 0.81652697 0.97579775 0.91352062
703 0.34787919 0.94810874 0.05969103 0.84622836 0.52233991 0.53325436
704 0.44602665 0.06102893 0.65803031 0.37018685 0.90962998 0.80407644
705 0.05423948 0.58464130 0.88963530 0.38322953 0.38324792 0.56266036
706 0.17710753 0.28510809 0.10963261 0.86133475 0.88445224 0.75087645
707 0.66280806 0.82773217 0.43777311 0.46390919 0.25501761 0.00923035
708 0.33082900 0.19098644 0.28023009 0.57054822 0.90904984 0.47678485
709 0.89848614 0.44252996 0.98524631 0.69530681 0.89456044 0.25032953
710 0.11815520 0.39341151 0.60875871 0.96091727 0.39851716 0.30791826
711 0.98841793 0.82657398 0.25374921 0.54631298 0.62502000 0.96694910
712 0.53998210 0.67687109 0.13261473 0.63657657 0.56759729 0.20880436
713 0.70691742 0.20760303 0.54500489 0.57089249 0.89451189 0.52047625
714 0.99949162 0.31810473 0.82780393 0.92711215 0.21416580 0.22554613
715 0.28784934 0.13381099 0.83700627 0.86376557 0.00385916 0.56719787
716 0.41452254 0.67146289 0.83334865 0.16983925 0.88058146 0.99816353
717 0.46483994 0.57099108 0.20371543 0.17869903 0.23512164 0.13186534
718 0.76395708 0.16976707 0.54441770 0.24350437 0.24486462 0.95467658
719 0.81820404 0.14765578 0.87494272 0.75177936 0.64091704 0.12387751
720 0.10022154 0.47607972 0.12100009 0.19913438 0.30452448 0.18623821
721 0.17811695 0.90810242 0.85635077 0.98294051 0.82562081 0.64650271
722 0.35963491 0.55217503 0.89977602 0.70963870 0.88368871 0.12816908
723 0.05670469 0.03293989 0.21786512 0.17543615 0.94537296 0.08132050
724 0.52188567 0.05386293 0.07697908 0.85829739 0.39079534 0.65922705
725 0.33584897 0.80506323 0.47421516 0.90941148 0.80132006 0.02739885
726 0.17566903 0.45137485 0.83502747 0.96166308 0.15711329 0.98517980
727 0.20894667 0.38264623 0.46939350 0.57059970 0.62516540 0.53933095
728 0.90515356 0.78964370 0.41376994 0.56287923 0.69898535 0.37383492
729 0.67539118 0.36428687 0.50274626 0.17666120 0.08586893 0.70673489
730 0.46846820 0.53234993 0.12543996 0.51367906 0.53117957 0.94741137
731 0.91213247 0.71165671 0.13228533 0.54847192 0.88856652 0.38227735
732 0.10401157 0.87147652 0.87047537 0.16527744 0.26366601 0.69290855
733 0.74554607 0.32868961 0.60295018 0.49389304 0.23478553 0.60207131
734 0.73626746 0.65011803 0.26530173 0.53511727 0.83965723 0.77525771
735 0.56186143 0.97483615 0.86480258 0.19880716 0.49554003 0.59183421
736 0.18419410 0.07596736 0.05810946 0.62316891 0.15236637 0.37617981
737 0.59721135 0.58701917 0.45775389 0.02631539 0.23076816 0.85064920
738 0.29993699 0.41388650 0.72220964 0.31879096 0.65795396 0.22573519
739 0.13412293 0.30913643 0.33899915 0.53299953 0.56294838 0.79695828
740 0.21260153 0.26383404 0.40121986 0.32677374 0.29182874 0.99688101
741 0.89494168 0.75876627 0.52697975 0.60219044 0.62230498 0.28131082
742 0.07145281 0.99521598 0.89423571 0.36193273 0.71590541 0.71038098
743 0.24248656 0.18657144 0.77836066 0.13492064 0.28073103 0.66464207
744 0.05375439 0.78114527 0.06936760 0.91381350 0.41227316 0.41483553
745 0.44172206 0.19579798 0.27878453 0.64055884 0.36220571 0.49826990
746 0.01328320 0.99235897 0.37936983 0.65877414 0.78139202 0.94912303
747 0.89719135 0.80226157 0.86467255 0.67533033 0.13548715 0.95318168
748 0.19665819 0.42422671 0.41996037 0.74455771 0.90206951 0.73292331
749 0.09337052 0.72886387 0.23987747 0.84217757 0.28963609 0.38468000
750 0.30736690 0.49835358 0.59765452 0.51665717 0.49955793 0.04008273
751 0.45605767 0.80899027 0.47940440 0.15186870 0.78359039 0.58293359
752 0.10166939 0.35650893 0.89854750 0.38066427 0.67706206 0.56471264
753 0.99538973 0.07324343 0.93470924 0.82101940 0.14981173 0.35518262
754 0.33209283 0.59099146 0.81788683 0.17136438 0.69661948 0.88020082
755 0.29734682 0.91018783 0.70890898 0.32997528 0.12901304 0.62453013
756 0.06204522 0.19376594 0.74322057 0.96647199 0.94594629 0.62401555
757 0.29824397 0.43236779 0.89970978 0.80629260 0.88641185 0.29574141
758 0.04635126 0.74915973 0.06523980 0.22218793 0.51500461 0.07467993
759 0.50542814 0.03918449 0.33591117 0.99977312 0.67940875 0.29370599
760 0.76142589 0.94632499 0.00433507 0.06373870 0.97679336 0.23473981
761 0.63107000 0.76367332 0.82809560 0.42548312 0.12546036 0.34589738
762 0.08989165 0.55882055 0.50743538 0.40433815 0.75224305 0.84849036
763 0.08086242 0.18384294 0.36616244 0.40029288 0.82705191 0.16036438
764 0.77724054 0.49794882 0.22663972 0.11192264 0.78143033 0.15786438
765 0.90513474 0.51784560 0.53483171 0.42431077 0.19088267 0.50865927
766 0.53377195 0.99424301 0.28948487 0.61354588 0.42864134 0.60330100
767 0.10915421 0.85485168 0.06837090 0.98806129 0.01445675 0.16139697
768 0.82580886 0.96240394 0.08497075 0.21990078 0.32528549 0.63545432
769 0.33809772 0.67894101 0.06833947 0.35408108 0.13470203 0.84394058
770 0.29397305 0.40350139 0.40981650 0.26624188 0.45051746 0.78226921
771 0.74631343 0.93497909 0.12338138 0.29149803 0.57227493 0.26456635
772 0.01033662 0.47948455 0.44301659 0.18838954 0.79202328 0.31469896
773 0.04844734 0.23179161 0.89893974 0.02285962 0.41973661 0.18319557
774 0.66791612 0.39629025 0.35363900 0.44940418 0.53253654 0.44747327
775 0.60346798 0.70507748 0.12017812 0.24364019 0.92570439 0.32667862
776 0.52610247 0.55855903 0.56911103 0.86872654 0.89908184 0.27981629
777 0.72970945 0.75663070 0.87503273 0.52861077 0.54483340 0.93176391
778 0.70725349 0.99548106 0.34857498 0.91413517 0.90112395 0.39969241
779 0.78137705 0.96243140 0.04192100 0.97393018 0.05182671 0.37942316
780 0.28797698 0.53506711 0.14233972 0.58542596 0.80860252 0.59284645
781 0.69253199 0.96387013 0.07659283 0.11897538 0.33490458 0.06850669
782 0.55666983 0.11562588 0.74052659 0.92653259 0.22868312 0.20523766
783 0.39652079 0.05144829 0.45652513 0.59356077 0.82240181 0.72361828
784 0.06159067 0.30434895 0.66824932 0.88361530 0.34823458 0.57514761
785 0.78017553 0.58019183 0.69924608 0.42447593 0.16547060 0.20023250
786 0.33758386 0.53096445 0.57135721 0.60725739 0.02813357 0.84348035
787 0.60786591 0.90120809 0.62869334 0.07076358 0.95536977 0.42373000
788 0.74125405 0.54055043 0.87776393 0.92477243 0.68029071 0.54475096
789 0.10481324 0.43198061 0.66235174 0.64207942 0.86056211 0.52796738
790 0.12788838 0.54266699 0.87541361 0.10449967 0.93909352 0.18510782
791 0.54954011 0.71241481 0.46751702 0.70022507 0.68019396 0.08168971
792 0.48522941 0.01667471 0.14133603 0.39580433 0.91742375 0.46409362
793 0.89047568 0.80092088 0.06813446 0.08490475 0.25669167 0.03055478
794 0.79896028 0.14250932 0.71424241 0.21447887 0.88561813 0.43498416
795 0.73434108 0.47847447 0.30798603 0.24879890 0.92004279 0.55786496
796 0.05133189 0.25683535 0.67116397 0.22665314 0.30006344 0.63878213
797 0.07288530 0.36909169 0.65242084 0.70300439 0.07339095 0.03421741
798 0.08852746 0.66176491 0.53104884 0.75415259 0.76739873 0.70990045
799 0.79835086 0.16960881 0.71510703 0.54728663 0.08495222 0.16932395
800 0.94300814 0.27878402 0.50481062 0.55348342 0.72876408 0.59338247
801 0.68371557 0.19822179 0.48799936 0.63057279 0.44788964 0.60806492
802 0.13208296 0.19507153 0.49783831 0.98545695 0.65124866 0.77235959
803 0.72272454 0.32683965 0.93597555 0.63427820 0.16950187 0.05627362
804 0.11035348 0.88033786 0.38928168 0.60045561 0.53144924 0.85472515
805 0.11749285 0.47110187 0.11714517 0.90918696 0.63380086 0.38428433
806 0.64071792 0.40396937 0.24042355 0.57083663 0.01409600 0.39961896
807 0.32881421 0.17923148 0.68490849 0.33541992 0.47037134 0.32541749
808 0.65381202 0.96892500 0.83925362 0.95713916 0.88632597 0.55539011
809 0.74913146 0.40745574 0.97014463 0.43992312 0.11402844 0.29542010
810 0.58318573 0.84448740 0.21516961 0.60154259 0.44254115 0.36612000
811 0.74003233 0.61532510 0.76034335 0.72026236 0.65954789 0.34904833
812 0.23482691 0.37661108 0.58410285 0.67877834 0.29477297 0.63022406
813 0.73495754 0.87718175 0.40295158 0.21275901 0.95036840 0.66444208
814 0.97059853 0.78485243 0.51004034 0.08162338 0.69428625 0.99209634
815 0.86693029 0.46495428 0.49564422 0.27447941 0.20680653 0.94436126
816 0.08623453 0.81397693 0.65136834 0.86751839 0.55476233 0.35034786
817 0.36643662 0.89844414 0.74370614 0.55935707 0.87927848 0.19299794
818 0.36919880 0.42923854 0.30195347 0.46462777 0.55785769 0.91957614
819 0.68502847 0.33432942 0.08961194 0.43030090 0.75233406 0.28869205
820 0.59794164 0.59664710 0.82596548 0.77398592 0.89490079 0.55085943
821 0.78936394 0.90199081 0.38958701 0.65392042 0.84184417 0.91932415
822 0.36765292 0.70206645 0.77530485 0.65772927 0.13085668 0.09004852
823 0.20602786 0.37745510 0.17936910 0.16102090 0.18915393 0.25769630
824 0.08666655 0.73495593 0.10936121 0.43237683 0.15363983 0.42704796
825 0.77193392 0.95410279 0.90515834 0.50508608 0.02890207 0.57772329
826 0.20567452 0.54281311 0.87635100 0.37533228 0.00908490 0.89952139
827 0.38827163 0.54010583 0.99979256 0.48037223 0.59645174 0.21822562
828 0.55177853 0.31110964 0.86425469 0.34242140 0.60904932 0.96703188
829 0.22895325 0.07123457 0.03687752 0.77714644 0.91892343 0.43398138
830 0.64194062 0.18198047 0.54468244 0.38394386 0.73357444 0.78482242
831 0.48448037 0.09298893 0.99761618 0.71155643 0.30114695 0.52523384
832 0.15184553 0.46348925 0.51100815 0.48093341 0.49557448 0.33127685
833 0.78193197 0.00933251 0.87351218 0.72918022 0.25816302 0.43159365
834 0.10060632 0.91502591 0.07022147 0.93755924 0.73285436 0.71790160
835 0.29406633 0.64274174 0.98753874 0.51725440 0.11676075 0.91621208
836 0.23737302 0.00141906 0.92271343 0.90306875 0.74604156 0.89002799
837 0.53087226 0.03038527 0.56426092 0.21819264 0.80978911 0.13470606
838 0.09149873 0.20847022 0.43146205 0.87321934 0.74523368 0.11991276
839 0.40531542 0.45496615 0.33784457 0.08269293 0.33714331 0.89345242
840 0.10484625 0.12726603 0.72072343 0.46540342 0.58432498 0.65308554
841 0.11228396 0.00864769 0.01365557 0.02192982 0.46895210 0.04027808
842 0.78442789 0.72707960 0.37406019 0.80828055 0.08726503 0.50471596
843 0.29157032 0.35411647 0.92268522 0.17920950 0.82871743 0.89445347
844 0.60353344 0.78044595 0.54647965 0.16539225 0.68594471 0.38572846
845 0.96442267 0.43665664 0.47388687 0.18160347 0.26732506 0.29205188
846 0.43248499 0.43655478 0.49653732 0.69143656 0.96948356 0.23403657
847 0.69475219 0.04921318 0.30897108 0.21376352 0.18377420 0.20094836
848 0.75809928 0.04963190 0.95083756 0.29810486 0.29994092 0.38030606
849 0.43264233 0.09110018 0.98199328 0.76833515 0.41118489 0.59479014
850 0.65549804 0.59403703 0.51356310 0.50115009 0.23648919 0.26838597
851 0.10975505 0.24108406 0.99258982 0.90946481 0.19505532 0.62244264
852 0.93375985 0.84136910 0.45584370 0.05785290 0.70537928 0.80456731
853 0.18746081 0.85721276 0.42604088 0.43675193 0.18054825 0.10397126
854 0.26617884 0.96361220 0.21321478 0.57225475 0.52233292 0.72924031
855 0.79783026 0.48889979 0.19324948 0.56506716 0.29617182 0.64859026
856 0.48760378 0.22031010 0.83275425 0.82381657 0.46278189 0.47465462
857 0.76895826 0.22620864 0.72663710 0.12609883 0.92523242 0.93291211
858 0.39600675 0.53678780 0.52974569 0.30011678 0.21588914 0.09644368
859 0.27293879 0.76210971 0.82908074 0.00212202 0.00100888 0.59910692
860 0.03723463 0.34756715 0.51187443 0.95110736 0.90660624 0.23356471
861 0.67329491 0.46123176 0.55196185 0.76629936 0.68004195 0.03232834
862 0.42956446 0.63932376 0.21328489 0.75130416 0.51495181 0.57985926
863 0.45173923 0.91733604 0.58782063 0.13886484 0.52206888 0.84219815
864 0.60985717 0.16157257 0.14276323 0.34931954 0.10291858 0.55689699
865 0.05940330 0.71563540 0.05222353 0.15134056 0.99688049 0.83988299
866 0.31581144 0.57773888 0.68330792 0.49672068 0.35896882 0.20495227
867 0.77272213 0.43329898 0.60855948 0.80865225 0.62524260 0.62125489
868 0.69643299 0.88424278 0.21965593 0.63286879 0.39336652 0.17402089
869 0.12533218 0.39305176 0.40627994 0.68840150 0.00766245 0.28953982
870 0.13015145 0.17897515 0.62990794 0.63957022 0.54528493 0.01850294
871 0.09235234 0.63333358 0.55530762 0.72932173 0.50911037 0.70149639
872 0.00782029 0.62400055 0.12757906 0.85984571 0.24677892 0.95209137
873 0.42310939 0.32794160 0.16919833 0.62695538 0.04539527 0.74900934
874 0.65557317 0.80296532 0.00099942 0.18059137 0.84172974 0.75672739
875 0.72292252 0.99947786 0.41816247 0.57330655 0.04824992 0.54208908
876 0.53120929 0.98097816 0.48848568 0.16356616 0.31632050 0.28206287
877 0.10881794 0.12703694 0.15986884 0.90605174 0.78341943 0.24487485
878 0.63176637 0.23224015 0.66683858 0.07734279 0.97240006 0.28631822
879 0.12649987 0.02363247 0.01792037 0.33853465 0.58646408 0.96313441
880 0.13430330 0.60743261 0.11967536 0.58061755 0.77804385 0.23069535
881 0.09859409 0.11080932 0.95212531 0.47523516 0.72769744 0.53732141
882 0.14202725 0.40745951 0.97585397 0.80532049 0.65098680 0.20500825
883 0.16825130 0.88407681 0.03091454 0.53077814 0.66461502 0.43404129
884 0.19624892 0.54813278 0.49388184 0.22731033 0.93877980 0.14221197
885 0.31747978 0.36900308 0.86272213 0.70948498 0.53508127 0.37558377
886 0.31642900 0.20834598 0.24287617 0.14863255 0.39844012 0.79356063
887 0.21756331 0.44094328 0.83427016 0.65811618 0.67045766 0.81281565
888 0.25104185 0.95619615 0.81359119 0.63398255 0.44053447 0.90379091
889 0.89292241 0.12402592 0.62897310 0.22930625 0.13287394 0.54037573
890 0.70322322 0.47076325 0.00223820 0.18222802 0.43920375 0.81786331
891 0.55573794 0.85689633 0.37972394 0.16635251 0.54764274 0.70841665
892 0.18443367 0.04339047 0.90440570 0.14960709 0.39513638 0.04320885
893 0.21203084 0.69162515 0.68035167 0.20274740 0.39827199 0.14594598
894 0.07734681 0.97898547 0.37882313 0.95495890 0.75134865 0.23333566
895 0.91380041 0.28326790 0.63195471 0.01590834 0.52235035 0.24670108
896 0.70671522 0.13378050 0.24326952 0.95751435 0.49043303 0.17028274
897 0.55778897 0.68527968 0.57141307 0.02569229 0.08867893 0.23505684
898 0.31342899 0.90945456 0.98172877 0.97111066 0.25085163 0.27546108
899 0.16620356 0.61086898 0.84968202 0.29759568 0.44755902 0.95160663
900 0.62249726 0.89998280 0.28344419 0.52507308 0.63796090 0.34667098
901 0.98793473 0.19343375 0.68245766 0.86233921 0.70944529 0.29732194
902 0.17043202 0.75442458 0.35812453 0.89640490 0.99261981 0.40442621
903 0.25779225 0.34626072 0.98692677 0.18901056 0.93219487 0.30223743
904 0.39679932 0.41862541 0.08398630 0.66071956 0.09222950 0.75731108
905 0.07399477 0.15571983 0.25030589 0.94123094 0.95353997 0.35974389
906 0.68409607 0.81900058 0.81134662 0.97570713 0.16279566 0.12489957
907 0.40238833 0.62492353 0.08442310 0.10793525 0.97045509 0.61718256
908 0.98283520 0.73856042 0.53125396 0.17889923 0.59700667 0.35551945
909 0.40218399 0.80511242 0.80062298 0.74655143 0.24022712 0.36293819
910 0.62067195 0.06722266 0.73882324 0.04946852 0.07029516 0.06848829
911 0.15436981 0.95079032 0.14166298 0.07128488 0.30004122 0.86716187
912 0.38134520 0.49757701 0.43789426 0.48912552 0.81354482 0.45789620
913 0.16113397 0.75514590 0.35038037 0.84989382 0.07670987 0.07761539
914 0.75811243 0.74240507 0.47849750 0.99704144 0.35447310 0.90492120
915 0.87111112 0.83112958 0.58740340 0.00439261 0.13201087 0.28169588
916 0.35077674 0.15650185 0.14580570 0.54260746 0.15817963 0.61387784
917 0.68553571 0.45730872 0.90533061 0.86134818 0.06214705 0.66185794
918 0.29414863 0.61810050 0.64019425 0.90913902 0.70184348 0.20002460
919 0.53062930 0.93218336 0.16293957 0.84535056 0.08648170 0.95998623
920 0.83242339 0.83508824 0.56591059 0.87887288 0.61678724 0.66510598
921 0.59749019 0.89542352 0.93161614 0.74618224 0.17377158 0.54129984
922 0.33531133 0.58251852 0.78310188 0.11748938 0.65140106 0.86896887
923 0.29922502 0.58274681 0.68568714 0.50902226 0.49869641 0.55704747
924 0.45259254 0.85492594 0.46621928 0.16883176 0.28451069 0.02139812
925 0.42264565 0.03486570 0.26031810 0.83111150 0.83055974 0.48268055
926 0.35960632 0.88542010 0.56926817 0.92801086 0.81835988 0.80798558
927 0.55831920 0.40773081 0.24877066 0.16948443 0.93816940 0.73600937
928 0.74254537 0.03638203 0.31930159 0.88373732 0.00032610 0.57230440
929 0.42433478 0.74614794 0.91080223 0.38786289 0.64038922 0.00898485
930 0.42935579 0.15482877 0.88522004 0.38256946 0.00735569 0.71828046
931 0.12487276 0.14390833 0.79458942 0.27145292 0.10642111 0.44942659
932 0.02443402 0.60595905 0.92580981 0.86788314 0.10679441 0.65961677
933 0.29018527 0.25448084 0.17883995 0.74150246 0.36710904 0.75320835
934 0.31752058 0.32415421 0.51754115 0.44787273 0.23960770 0.80473901
935 0.65369013 0.40179092 0.62700532 0.70963886 0.34614020 0.02915558
936 0.95693592 0.40637332 0.91318235 0.94433128 0.24961984 0.77981727
937 0.93573087 0.38619114 0.66396825 0.17411787 0.38706431 0.56735050
938 0.45788633 0.60980182 0.38919282 0.24459628 0.42103837 0.07611663
939 0.24047840 0.16689072 0.74000758 0.64092912 0.64007729 0.25162182
940 0.76389794 0.18809207 0.81763486 0.80861251 0.78755297 0.13345453
941 0.75932738 0.09462887 0.60034479 0.85337101 0.26999442 0.56447392
942 0.74064806 0.32318627 0.08499706 0.39811765 0.84398236 0.54098128
943 0.74368834 0.76959693 0.92235800 0.11549381 0.74046838 0.06892145
944 0.10592042 0.23411800 0.05359782 0.08028095 0.82610195 0.98843087
945 0.68156043 0.74036547 0.52702495 0.36046762 0.18219225 0.25109544
946 0.46326058 0.69281841 0.11885328 0.82890555 0.06543618 0.31547299
947 0.21216321 0.82407821 0.38014299 0.21460971 0.61035026 0.30065695
948 0.09851874 0.82797755 0.81283253 0.79104032 0.70155281 0.04203904
949 0.82357447 0.29336793 0.24409592 0.65468831 0.11161771 0.52790130
950 0.17500974 0.30936924 0.88442266 0.02614645 0.09582373 0.25602233
951 0.16356991 0.52302980 0.71264679 0.78577629 0.59783377 0.40870999
952 0.66598722 0.32529899 0.37814844 0.92256305 0.81223261 0.94751264
953 0.89438938 0.83184251 0.24891961 0.49231313 0.81457817 0.91928097
954 0.51655821 0.81029479 0.25285375 0.83401166 0.08943697 0.12124368
955 0.70270231 0.55699826 0.76724359 0.13135369 0.73127871 0.59194483
956 0.15359038 0.26296403 0.04986189 0.75978347 0.90385658 0.35965217
957 0.95345707 0.68056620 0.68528857 0.92573618 0.45223179 0.71930693
958 0.54088408 0.23365315 0.62027812 0.83270757 0.07068768 0.52355109
959 0.67973390 0.45642536 0.74668463 0.25940116 0.24127816 0.26084335
960 0.03656302 0.38456689 0.97725565 0.21302177 0.73186506 0.49307931
961 0.80920385 0.53860144 0.38391351 0.52231478 0.04049162 0.85583590
962 0.74861887 0.99170372 0.26020560 0.39735710 0.42452276 0.72440628
963 0.12018702 0.75522040 0.87746954 0.47910978 0.54021509 0.19911030
964 0.52504516 0.98045485 0.80609598 0.99390364 0.95382784 0.15728587
965 0.32583363 0.23478264 0.46112108 0.60447846 0.20890574 0.37047552
966 0.54644944 0.52855909 0.09096169 0.94490865 0.11633210 0.86227200
967 0.39888075 0.05143605 0.56426883 0.49044222 0.64622007 0.68476263
968 0.41509339 0.75687547 0.18738289 0.43794656 0.10841109 0.63419788
969 0.18073776 0.60197977 0.53168959 0.77265557 0.98349692 0.14132329
970 0.25538674 0.85716871 0.35503332 0.74406657 0.24834404 0.07930225
971 0.02053577 0.98827714 0.31478350 0.44290407 0.60635572 0.87614535
972 0.92367561 0.92948447 0.72674147 0.05300005 0.81669527 0.42042870
973 0.65369989 0.40951493 0.51577286 0.08782184 0.83005421 0.48766361
974 0.93261357 0.00034146 0.79064490 0.79798596 0.48903933 0.46032549
975 0.16351237 0.54087832 0.20449258 0.65558237 0.76072826 0.51567725
976 0.92109726 0.20773062 0.67810608 0.03233555 0.91510794 0.27199439
977 0.79465789 0.21928359 0.05248554 0.55706683 0.90097496 0.23157984
978 0.57739420 0.32580626 0.80117236 0.71980155 0.21423751 0.89953408
979 0.44003560 0.09594942 0.67856864 0.11040805 0.54706111 0.90869733
980 0.25761374 0.74753366 0.94600895 0.21664738 0.78470948 0.60364285
981 0.75194639 0.74850896 0.09155814 0.81102022 0.19444109 0.36523648
982 0.22866948 0.54329943 0.90843837 0.13866188 0.74688915 0.59859050
983 0.06418709 0.33813232 0.50995304 0.88189920 0.47555822 0.66848715
984 0.76732951 0.83233366 0.61490357 0.92355606 0.58325858 0.89456409
985 0.67120219 0.55257218 0.31607120 0.01275556 0.26054808 0.08733552
986 0.71521251 0.95754312 0.07748748 0.37715925 0.08482246 0.53901035
987 0.64206083 0.89283332 0.85061407 0.16781169 0.29813285 0.42844994
988 0.41904829 0.35650362 0.14452691 0.54022280 0.91712936 0.61715349
989 0.39076208 0.54640189 0.37048579 0.10166243 0.47051819 0.55887588
990 0.81614010 0.34668175 0.62239143 0.03926775 0.26946755 0.22585069
991 0.31742786 0.62280279 0.99755190 0.93322911 0.76297048 0.10451953
992 0.81453977 0.79662469 0.51734413 0.97159188 0.77217211 0.00997766
993 0.78907351 0.74587490 0.99051122 0.36092802 0.02129962 0.05915330
994 0.85226389 0.12553623 0.22653446 0.64420540 0.87998619 0.32265237
995 0.50563662 0.82239401 0.39800519 0.06794730 0.79817018 0.77947651
996 0.63566139 0.02515050 0.69656869 0.20791200 0.32416524 0.33547859
997 0.95089442 0.41442888 0.06464076 0.03960385 0.66904442 0.61956861
998 0.44396416 0.73140747 0.74766158 0.46935931 0.29629386 0.99288572
999 0.06001882 0.78137400 0.42040043 0.15009672 0.92995204 0.64800569
1000 0.86674990 0.36728592 0.81131742 0.99130692 0.28196043 0.53977582
